INSERCION SIN OPTIMIZAR

a0 = 1.29827e-09
a1 = -8.31901e-07
a2 = 0.00602881

INSERCION OPTIMIZADO

a0 = 5.31225e-10
a1 = -2.23413e-06
a2 = 0.0128693

HEAPSORT SIN OPTIMIZAR

a = 2.05016e-07

HEAPSORT OPTIMIZADO

a = 1.00887e-07
